0.27131480000025476
0.210618400000385
0.27406319999863626
0.28684200000134297
0.27683450000040466
0.21431099999972503
0.24423329999990528
0.223244099999647
0.19109819999903266
0.24985120000019378
0.3326489000010042
0.2827914999998029
0.2479626999993343
0.1607640000001993
0.15155659999982163
0.22742289999951026
0.16898789999868313
0.2103322000002663
0.20768959999986691
0.25202299999909883
0.2125821999998152
0.2830870000016148
0.24594629999955941
0.296721400000024
0.15491670000119484
0.2130261000002065
0.19388139999864507
0.20086559999981546
0.2857796000007511
0.2991492000001017
0.18922479999855568
0.16236149999895133
0.24603109999952721
0.21400600000015402
0.1660306000012497
0.1634267000008549
0.23079430000143475
0.3086965999991662
0.28347559999929217
0.15867140000045765
0.2705098000005819
0.23270679999950517
0.273428899999999
0.19312779999927443
0.26928640000005544
0.1965700000000652
0.177933099999791
0.28227270000024873
0.2105573999997432
0.21880670000064129
0.18454729999939445
0.2138358000011067
0.26743919999898935
0.24485959999947227
0.23784859999977925
0.2389948000000004
0.21608560000095167
0.3280978000002506
0.36262410000017553
0.19285560000025725
0.25929290000021865
0.25105790000088746
0.2542845000007219
0.28635079999912705
0.23005410000041593
0.21260020000045188
0.271063399999548
0.2925839999988966
0.2717721999997593
0.23319739999897138
0.2179511000013008
0.16495519999989483
0.19315389999974286
0.20612199999959557
0.16191790000084438
0.25864220000039495
0.17411800000081712
0.18352629999935743
0.22266549999949348
0.1649266999993415
0.22085660000084317
0.15379890000076557
0.12209299999994982
0.19669759999851522
0.13777240000126767
0.2500966999996308
0.27435309999964375
0.3005207000005612
0.18266630000107398
0.2153772999990906
0.22091630000068108
0.21895229999972798
0.2215226000007533
0.21291829999972833
0.2537774000011268
0.1552454000011494
0.19258500000069034
0.20729690000007395
0.21245730000009644
0.2661697000003187
0.2547945999995136
0.2606390000000829
0.2035401000011916
0.16500799999994342
0.19834869999976945
0.259753999998793
0.21567110000069079
0.2066344000013487
0.22893760000079055
0.24733890000061365
0.2137103000004572
0.28721509999923
0.31484980000095675
0.21242759999950067
0.24846209999850544
0.3050664999991568
0.15928540000095381
0.2589408999992884
0.24663519999921846
0.21313960000043153
0.1924206999992748
